Timestamp epoch ms,Application&Attack,Timestamp,Bytes Received,Bytes Sent,Bytes Sent&Received,Connections Received,Strikes Allowed,Strikes Initiated
1741340091000,Stateless UDP,2025-03-07T09:34:51.000Z,905353614,933049296,1838402910,1,0,0
1741340094000,Stateless UDP,2025-03-07T09:34:54.000Z,1890043598,1933398416,3823442014,1,0,0
1741340097000,Stateless UDP,2025-03-07T09:34:57.000Z,2874730638,2933503184,5808233822,1,0,0
1741340100000,Stateless UDP,2025-03-07T09:35:00.000Z,3859344078,3933618256,7792962334,1,0,0
1741340103000,Stateless UDP,2025-03-07T09:35:03.000Z,4842894734,4933171024,9776065758,1,0,0
1741340106000,Stateless UDP,2025-03-07T09:35:06.000Z,5827499342,5933574608,11761073950,1,0,0
1741340109000,Stateless UDP,2025-03-07T09:35:09.000Z,6811531342,6933579280,13745110622,1,0,0
1741340112000,Stateless UDP,2025-03-07T09:35:12.000Z,7796138894,7933586896,15729725790,1,0,0
1741340115000,Stateless UDP,2025-03-07T09:35:15.000Z,8780744974,8933598928,17714343902,1,0,0
1741340118000,Stateless UDP,2025-03-07T09:35:18.000Z,9765480590,9933634512,19699115102,1,0,0
1741340121000,Stateless UDP,2025-03-07T09:35:21.000Z,10750108750,10933670096,21683778846,1,0,0
1741340124000,Stateless UDP,2025-03-07T09:35:24.000Z,11734767822,11933821968,23668589790,1,0,0
1741340127000,Stateless UDP,2025-03-07T09:35:27.000Z,12719391566,12933704464,25653096030,1,0,0
1741340130000,Stateless UDP,2025-03-07T09:35:30.000Z,13701652750,13933832784,27635485534,1,0,0
1741340133000,Stateless UDP,2025-03-07T09:35:33.000Z,14685643534,14933785936,29619429470,1,0,0
1741340136000,Stateless UDP,2025-03-07T09:35:36.000Z,15670326158,15934160080,31604486238,1,0,0
1741340139000,Stateless UDP,2025-03-07T09:35:39.000Z,16654751182,16934002832,33588754014,1,0,0
1741340142000,Stateless UDP,2025-03-07T09:35:42.000Z,17639604558,17934187088,35573791646,1,0,0
1741340145000,Stateless UDP,2025-03-07T09:35:45.000Z,18624138510,18933816400,37557954910,1,0,0
1741340148000,Stateless UDP,2025-03-07T09:35:48.000Z,19608912398,19935101712,39544014110,1,0,0
1741340151000,Stateless UDP,2025-03-07T09:35:51.000Z,20919375118,20934124560,41853499678,1,0,0
1741340154000,Stateless UDP,2025-03-07T09:35:54.000Z,21903975310,21934048272,43838023582,1,0,0
1741340157000,Stateless UDP,2025-03-07T09:35:57.000Z,22888660878,22934032336,45822693214,1,0,0
1741340160000,Stateless UDP,2025-03-07T09:36:00.000Z,23873339086,23934131216,47807470302,1,0,0
1741340163000,Stateless UDP,2025-03-07T09:36:03.000Z,24857977550,24934047568,49792025118,1,0,0
1741340166000,Stateless UDP,2025-03-07T09:36:06.000Z,25842574798,25934106704,51776681502,1,0,0
1741340169000,Stateless UDP,2025-03-07T09:36:09.000Z,26827258894,26934320400,53761579294,1,0,0
1741340172000,Stateless UDP,2025-03-07T09:36:12.000Z,27809021070,27934167568,55743188638,1,0,0
1741340175000,Stateless UDP,2025-03-07T09:36:15.000Z,28793628622,28934706576,57728335198,1,0,0
1741340178000,Stateless UDP,2025-03-07T09:36:18.000Z,29778253838,29934185744,59712439582,1,0,0
1741340181000,Stateless UDP,2025-03-07T09:36:21.000Z,30762886414,30935064784,61697951198,1,0,0
1741340184000,Stateless UDP,2025-03-07T09:36:24.000Z,31747532238,31934592528,63682124766,1,0,0
1741340187000,Stateless UDP,2025-03-07T09:36:27.000Z,32732217806,32934424976,65666642782,1,0,0
1741340190000,Stateless UDP,2025-03-07T09:36:30.000Z,33716837134,33934560656,67651397790,1,0,0
1741340193000,Stateless UDP,2025-03-07T09:36:33.000Z,34698059086,34934154640,69632213726,1,0,0
1741340196000,Stateless UDP,2025-03-07T09:36:36.000Z,35682791758,35934667152,71617458910,1,0,0
1741340199000,Stateless UDP,2025-03-07T09:36:39.000Z,36667402254,36934190480,73601592734,1,0,0
1741340202000,Stateless UDP,2025-03-07T09:36:42.000Z,37652108430,37934255504,75586363934,1,0,0
1741340205000,Stateless UDP,2025-03-07T09:36:45.000Z,38636692430,38934709136,77571401566,1,0,0
1741340208000,Stateless UDP,2025-03-07T09:36:48.000Z,39621364750,39934345808,79555710558,1,0,0
1741340211000,Stateless UDP,2025-03-07T09:36:51.000Z,40605992910,40934337232,81540330142,1,0,0
1741340214000,Stateless UDP,2025-03-07T09:36:54.000Z,41587138318,41935077904,83522216222,1,0,0
1741340217000,Stateless UDP,2025-03-07T09:36:57.000Z,42900175566,42934599760,85834775326,1,0,0
1741340220000,Stateless UDP,2025-03-07T09:37:00.000Z,43884749262,43934648592,87819397854,1,0,0
1741340223000,Stateless UDP,2025-03-07T09:37:03.000Z,44869346510,44935187600,89804534110,1,0,0
1741340226000,Stateless UDP,2025-03-07T09:37:06.000Z,45854086542,45934746256,91788832798,1,0,0
1741340229000,Stateless UDP,2025-03-07T09:37:09.000Z,46838747086,46934775952,93773523038,1,0,0
1741340232000,Stateless UDP,2025-03-07T09:37:12.000Z,47819029902,47935175120,95754205022,1,0,0
1741340235000,Stateless UDP,2025-03-07T09:37:15.000Z,48803711054,48934855952,97738567006,1,0,0
1741340238000,Stateless UDP,2025-03-07T09:37:18.000Z,49788353934,49934909200,99723263134,1,0,0
1741340241000,Stateless UDP,2025-03-07T09:37:21.000Z,50772970318,50935323088,101708293406,1,0,0
1741340244000,Stateless UDP,2025-03-07T09:37:24.000Z,51757629390,51935572112,103693201502,1,0,0
1741340247000,Stateless UDP,2025-03-07T09:37:27.000Z,52742288462,52934999760,105677288222,1,0,0
1741340250000,Stateless UDP,2025-03-07T09:37:30.000Z,53726988750,53935535824,107662524574,1,0,0
1741340253000,Stateless UDP,2025-03-07T09:37:33.000Z,54705939406,54935539024,109641478430,1,0,0
1741340256000,Stateless UDP,2025-03-07T09:37:36.000Z,55689903694,55935818960,111625722654,1,0,0
1741340259000,Stateless UDP,2025-03-07T09:37:39.000Z,56675245774,56935439440,113610685214,1,0,0
1741340262000,Stateless UDP,2025-03-07T09:37:42.000Z,57659909262,57935528016,115595437278,1,0,0
1741340265000,Stateless UDP,2025-03-07T09:37:45.000Z,58644521230,58935774096,117580295326,1,0,0
1741340268000,Stateless UDP,2025-03-07T09:37:48.000Z,59629183246,59935560912,119564744158,1,0,0
1741340271000,Stateless UDP,2025-03-07T09:37:51.000Z,60613798158,60935620048,121549418206,1,0,0
1741340274000,Stateless UDP,2025-03-07T09:37:54.000Z,61598442510,61935998608,123534441118,1,0,0
1741340277000,Stateless UDP,2025-03-07T09:37:57.000Z,62581369038,62935622032,125516991070,1,0,0
1741340280000,Stateless UDP,2025-03-07T09:38:00.000Z,63895981326,63935654672,127831635998,1,0,0
1741340283000,Stateless UDP,2025-03-07T09:38:03.000Z,64880630094,64936092112,129816722206,1,0,0
1741340286000,Stateless UDP,2025-03-07T09:38:06.000Z,65865308302,65935768528,131801076830,1,0,0
1741340289000,Stateless UDP,2025-03-07T09:38:09.000Z,66849879054,66935814416,133785693470,1,0,0
1741340292000,Stateless UDP,2025-03-07T09:38:12.000Z,67828996046,67937266064,135766262110,1,0,0
1741340295000,Stateless UDP,2025-03-07T09:38:15.000Z,68813646286,68936617168,137750263454,1,0,0
1741340298000,Stateless UDP,2025-03-07T09:38:18.000Z,69798242062,69935850512,139734092574,1,0,0
1741340301000,Stateless UDP,2025-03-07T09:38:21.000Z,70782915854,70936093648,141719009502,1,0,0
1741340304000,Stateless UDP,2025-03-07T09:38:24.000Z,71766141198,71935784784,143701925982,1,0,0
1741340307000,Stateless UDP,2025-03-07T09:38:27.000Z,72752181006,72935901328,145688082334,1,0,0
1741340310000,Stateless UDP,2025-03-07T09:38:30.000Z,73736869518,73936232784,147673102302,1,0,0
1741340313000,Stateless UDP,2025-03-07T09:38:33.000Z,74719545806,74936209488,149655755294,1,0,0
1741340316000,Stateless UDP,2025-03-07T09:38:36.000Z,75704129806,75936015440,151640145246,1,0,0
1741340319000,Stateless UDP,2025-03-07T09:38:39.000Z,76688840398,76936514704,153625355102,1,0,0
1741340322000,Stateless UDP,2025-03-07T09:38:42.000Z,77673439118,77936064528,155609503646,1,0,0
1741340325000,Stateless UDP,2025-03-07T09:38:45.000Z,78658105550,78936125136,157594230686,1,0,0
1741340328000,Stateless UDP,2025-03-07T09:38:48.000Z,79642708686,79936399184,159579107870,1,0,0
1741340331000,Stateless UDP,2025-03-07T09:38:51.000Z,80627372174,80936212496,161563584670,1,0,0
1741340334000,Stateless UDP,2025-03-07T09:38:54.000Z,81608566158,81936320208,163544886366,1,0,0
1741340337000,Stateless UDP,2025-03-07T09:38:57.000Z,82593244366,82936897488,165530141854,1,0,0
1741340340000,Stateless UDP,2025-03-07T09:39:00.000Z,83577956430,83936227984,167514184414,1,0,0
1741340343000,Stateless UDP,2025-03-07T09:39:03.000Z,84890747854,84936610960,169827358814,1,0,0
1741340346000,Stateless UDP,2025-03-07T09:39:06.000Z,85875427534,85936912976,171812340510,1,0,0
1741340349000,Stateless UDP,2025-03-07T09:39:09.000Z,86860046862,86936602640,173796649502,1,0,0
1741340352000,Stateless UDP,2025-03-07T09:39:12.000Z,87844649998,87936689744,175781339742,1,0,0
1741340355000,Stateless UDP,2025-03-07T09:39:15.000Z,88829331150,88936734160,177766065310,1,0,0
1741340358000,Stateless UDP,2025-03-07T09:39:18.000Z,89812253262,89936537168,179748790430,1,0,0
1741340361000,Stateless UDP,2025-03-07T09:39:21.000Z,90798641934,90937138000,181735779934,1,0,0
1741340364000,Stateless UDP,2025-03-07T09:39:24.000Z,91783292174,91936706960,183719999134,1,0,0
1741340367000,Stateless UDP,2025-03-07T09:39:27.000Z,92767957134,92937243024,185705200158,1,0,0
1741340370000,Stateless UDP,2025-03-07T09:39:30.000Z,93752570574,93937069584,187689640158,1,0,0
1741340373000,Stateless UDP,2025-03-07T09:39:33.000Z,94737225230,94936523728,189673748958,1,0,0
1741340376000,Stateless UDP,2025-03-07T09:39:36.000Z,95717215118,95937617680,191654832798,1,0,0
1741340379000,Stateless UDP,2025-03-07T09:39:39.000Z,96701869774,96936596368,193638466142,1,0,0
1741340382000,Stateless UDP,2025-03-07T09:39:42.000Z,97686525902,97936618704,195623144606,1,0,0
1741340385000,Stateless UDP,2025-03-07T09:39:45.000Z,98671196750,98937689104,197608885854,1,0,0
1741340388000,Stateless UDP,2025-03-07T09:39:48.000Z,99655791054,99936957776,199592748830,1,0,0
1741340391000,Stateless UDP,2025-03-07T09:39:51.000Z,99956968145,100004204631,199961172776,2,0,0
1741340394000,Stateless UDP,2025-03-07T09:39:54.000Z,99956968145,100004204631,199961172776,2,0,0
