Timestamp epoch ms,Application&Attack,Timestamp,Bytes Received,Bytes Sent,Bytes Sent&Received,Connections Received,Strikes Allowed,Strikes Initiated
1741409637000,Stateless UDP,2025-03-08T04:53:57.000Z,880207438,915620816,1795828254,1,0,0
1741409640000,Stateless UDP,2025-03-08T04:54:00.000Z,1820114766,1871222608,3691337374,1,0,0
1741409643000,Stateless UDP,2025-03-08T04:54:03.000Z,2760039758,2825978000,5586017758,1,0,0
1741409646000,Stateless UDP,2025-03-08T04:54:06.000Z,3700036878,3779555792,7479592670,1,0,0
1741409649000,Stateless UDP,2025-03-08T04:54:09.000Z,4639954510,4735187024,9375141534,1,0,0
1741409652000,Stateless UDP,2025-03-08T04:54:12.000Z,5579866254,5688804560,11268670814,1,0,0
1741409655000,Stateless UDP,2025-03-08T04:54:15.000Z,6519786830,6643437776,13163224606,1,0,0
1741409658000,Stateless UDP,2025-03-08T04:54:18.000Z,7459728014,7598587664,15058315678,1,0,0
1741409661000,Stateless UDP,2025-03-08T04:54:21.000Z,8399669198,8552801360,16952470558,1,0,0
1741409664000,Stateless UDP,2025-03-08T04:54:24.000Z,9339650126,9507539088,18847189214,1,0,0
1741409667000,Stateless UDP,2025-03-08T04:54:27.000Z,10279557454,10462357776,20741915230,1,0,0
1741409670000,Stateless UDP,2025-03-08T04:54:30.000Z,11219486862,11416540560,22636027422,1,0,0
1741409673000,Stateless UDP,2025-03-08T04:54:33.000Z,12159489870,12371346000,24530835870,1,0,0
1741409676000,Stateless UDP,2025-03-08T04:54:36.000Z,13099397198,13326384016,26425781214,1,0,0
1741409679000,Stateless UDP,2025-03-08T04:54:39.000Z,14039310414,14280827344,28320137758,1,0,0
1741409682000,Stateless UDP,2025-03-08T04:54:42.000Z,14979276622,15234871760,30214148382,1,0,0
1741409685000,Stateless UDP,2025-03-08T04:54:45.000Z,15918651086,16190224784,32108875870,1,0,0
1741409688000,Stateless UDP,2025-03-08T04:54:48.000Z,16859145742,17144700496,34003846238,1,0,0
1741409691000,Stateless UDP,2025-03-08T04:54:51.000Z,17798977998,18099794448,35898772446,1,0,0
1741409694000,Stateless UDP,2025-03-08T04:54:54.000Z,19052319758,19054084688,38106404446,1,0,0
1741409697000,Stateless UDP,2025-03-08T04:54:57.000Z,19992255054,20009181584,40001436638,1,0,0
1741409700000,Stateless UDP,2025-03-08T04:55:00.000Z,20932259534,20962961040,41895220574,1,0,0
1741409703000,Stateless UDP,2025-03-08T04:55:03.000Z,21872153614,21917981392,43790135006,1,0,0
1741409706000,Stateless UDP,2025-03-08T04:55:06.000Z,22812063886,22872510096,45684573982,1,0,0
1741409709000,Stateless UDP,2025-03-08T04:55:09.000Z,23752035982,23826922512,47578958494,1,0,0
1741409712000,Stateless UDP,2025-03-08T04:55:12.000Z,24691994830,24781788304,49473783134,1,0,0
1741409715000,Stateless UDP,2025-03-08T04:55:15.000Z,25631955150,25737850832,51369805982,1,0,0
1741409718000,Stateless UDP,2025-03-08T04:55:18.000Z,26571828622,26691063568,53262892190,1,0,0
1741409721000,Stateless UDP,2025-03-08T04:55:21.000Z,27511838990,27645723280,55157562270,1,0,0
1741409724000,Stateless UDP,2025-03-08T04:55:24.000Z,28451736014,28599916368,57051652382,1,0,0
1741409727000,Stateless UDP,2025-03-08T04:55:27.000Z,29391688974,29554832208,58946521182,1,0,0
1741409730000,Stateless UDP,2025-03-08T04:55:30.000Z,30331585998,30509921744,60841507742,1,0,0
1741409733000,Stateless UDP,2025-03-08T04:55:33.000Z,31271512462,31464454864,62735967326,1,0,0
1741409736000,Stateless UDP,2025-03-08T04:55:36.000Z,32211449230,32418776016,64630225246,1,0,0
1741409739000,Stateless UDP,2025-03-08T04:55:39.000Z,33151412494,33373253200,66524665694,1,0,0
1741409742000,Stateless UDP,2025-03-08T04:55:42.000Z,34091356622,34328052752,68419409374,1,0,0
1741409745000,Stateless UDP,2025-03-08T04:55:45.000Z,35031278670,35283189392,70314468062,1,0,0
1741409748000,Stateless UDP,2025-03-08T04:55:48.000Z,35971265486,36237906512,72209171998,1,0,0
1741409751000,Stateless UDP,2025-03-08T04:55:51.000Z,36911165454,37192376336,74103541790,1,0,0
1741409754000,Stateless UDP,2025-03-08T04:55:54.000Z,37851077198,38146388368,75997465566,1,0,0
1741409757000,Stateless UDP,2025-03-08T04:55:57.000Z,38791084622,39101186448,77892271070,1,0,0
1741409760000,Stateless UDP,2025-03-08T04:56:00.000Z,40044301262,40055657744,80099959006,1,0,0
1741409763000,Stateless UDP,2025-03-08T04:56:03.000Z,40984249806,41010525008,81994774814,1,0,0
1741409766000,Stateless UDP,2025-03-08T04:56:06.000Z,41924152718,41965342224,83889494942,1,0,0
1741409769000,Stateless UDP,2025-03-08T04:56:09.000Z,42864085070,42920106448,85784191518,1,0,0
1741409772000,Stateless UDP,2025-03-08T04:56:12.000Z,43804030670,43874540944,87678571614,1,0,0
1741409775000,Stateless UDP,2025-03-08T04:56:15.000Z,44743985102,44829259536,89573244638,1,0,0
1741409778000,Stateless UDP,2025-03-08T04:56:18.000Z,45682460174,45783754384,91466214558,1,0,0
1741409781000,Stateless UDP,2025-03-08T04:56:21.000Z,46623843918,46738366992,93362210910,1,0,0
1741409784000,Stateless UDP,2025-03-08T04:56:24.000Z,47563813070,47692571856,95256384926,1,0,0
1741409787000,Stateless UDP,2025-03-08T04:56:27.000Z,48503758670,48647737936,97151496606,1,0,0
1741409790000,Stateless UDP,2025-03-08T04:56:30.000Z,49443689550,49602665552,99046355102,1,0,0
1741409793000,Stateless UDP,2025-03-08T04:56:33.000Z,50383627790,50556571600,100940199390,1,0,0
1741409796000,Stateless UDP,2025-03-08T04:56:36.000Z,51323549838,51511340240,102834890078,1,0,0
1741409799000,Stateless UDP,2025-03-08T04:56:39.000Z,52263552846,52465577488,104729130334,1,0,0
1741409802000,Stateless UDP,2025-03-08T04:56:42.000Z,53203449870,53420200400,106623650270,1,0,0
1741409805000,Stateless UDP,2025-03-08T04:56:45.000Z,54143383694,54375010256,108518393950,1,0,0
1741409808000,Stateless UDP,2025-03-08T04:56:48.000Z,55083291022,55329778896,110413069918,1,0,0
1741409811000,Stateless UDP,2025-03-08T04:56:51.000Z,56023229262,56284381200,112307610462,1,0,0
1741409814000,Stateless UDP,2025-03-08T04:56:54.000Z,56963193998,57238887824,114202081822,1,0,0
1741409817000,Stateless UDP,2025-03-08T04:56:57.000Z,57903133710,58193943504,116097077214,1,0,0
1741409820000,Stateless UDP,2025-03-08T04:57:00.000Z,58843045454,59148972688,117992018142,1,0,0
1741409823000,Stateless UDP,2025-03-08T04:57:03.000Z,60096337166,60102654992,120198992158,1,0,0
1741409826000,Stateless UDP,2025-03-08T04:57:06.000Z,61036229774,61057500176,122093729950,1,0,0
1741409829000,Stateless UDP,2025-03-08T04:57:09.000Z,61976210702,62012474896,123988685598,1,0,0
1741409832000,Stateless UDP,2025-03-08T04:57:12.000Z,62916137166,62966650320,125882787486,1,0,0
1741409835000,Stateless UDP,2025-03-08T04:57:15.000Z,63855078862,63921326224,127776405086,1,0,0
1741409838000,Stateless UDP,2025-03-08T04:57:18.000Z,64796037198,64876265616,129672302814,1,0,0
1741409841000,Stateless UDP,2025-03-08T04:57:21.000Z,65735990158,65830569104,131566559262,1,0,0
1741409844000,Stateless UDP,2025-03-08T04:57:24.000Z,66675887182,66785028624,133460915806,1,0,0
1741409847000,Stateless UDP,2025-03-08T04:57:27.000Z,67615873998,67740071056,135355945054,1,0,0
1741409850000,Stateless UDP,2025-03-08T04:57:30.000Z,68555591438,68694524688,137250116126,1,0,0
1741409853000,Stateless UDP,2025-03-08T04:57:33.000Z,69495715150,69649259472,139144974622,1,0,0
1741409856000,Stateless UDP,2025-03-08T04:57:36.000Z,70435619534,70604228304,141039847838,1,0,0
1741409859000,Stateless UDP,2025-03-08T04:57:39.000Z,71375544526,71558477328,142934021854,1,0,0
1741409862000,Stateless UDP,2025-03-08T04:57:42.000Z,72315512206,72512964816,144828477022,1,0,0
1741409865000,Stateless UDP,2025-03-08T04:57:45.000Z,73255338574,73468273680,146723612254,1,0,0
1741409868000,Stateless UDP,2025-03-08T04:57:48.000Z,74195404878,74422512400,148617917278,1,0,0
1741409871000,Stateless UDP,2025-03-08T04:57:51.000Z,75135353422,75376983696,150512337118,1,0,0
1741409874000,Stateless UDP,2025-03-08T04:57:54.000Z,76075312270,76332201296,152407513566,1,0,0
1741409877000,Stateless UDP,2025-03-08T04:57:57.000Z,77015216654,77286314896,154301531550,1,0,0
1741409880000,Stateless UDP,2025-03-08T04:58:00.000Z,77955154894,78241338192,156196493086,1,0,0
1741409883000,Stateless UDP,2025-03-08T04:58:03.000Z,78894979790,79196006736,158090986526,1,0,0
1741409886000,Stateless UDP,2025-03-08T04:58:06.000Z,80148345102,80150023184,160298368286,1,0,0
1741409889000,Stateless UDP,2025-03-08T04:58:09.000Z,81088309838,81104504784,162192814622,1,0,0
1741409892000,Stateless UDP,2025-03-08T04:58:12.000Z,82028187726,82059263120,164087450846,1,0,0
1741409895000,Stateless UDP,2025-03-08T04:58:15.000Z,82968167182,83013785936,165981953118,1,0,0
1741409898000,Stateless UDP,2025-03-08T04:58:18.000Z,83908084814,83968513360,167876598174,1,0,0
1741409901000,Stateless UDP,2025-03-08T04:58:21.000Z,84848008334,84922975824,169770984158,1,0,0
1741409904000,Stateless UDP,2025-03-08T04:58:24.000Z,85787986318,85877656144,171665642462,1,0,0
1741409907000,Stateless UDP,2025-03-08T04:58:27.000Z,86727889230,86832361488,173560250718,1,0,0
1741409910000,Stateless UDP,2025-03-08T04:58:30.000Z,87667889294,87787152208,175455041502,1,0,0
1741409913000,Stateless UDP,2025-03-08T04:58:33.000Z,88607776014,88741594064,177349370078,1,0,0
1741409916000,Stateless UDP,2025-03-08T04:58:36.000Z,89547736334,89696312656,179244048990,1,0,0
1741409919000,Stateless UDP,2025-03-08T04:58:39.000Z,90487671630,90651006224,181138677854,1,0,0
1741409922000,Stateless UDP,2025-03-08T04:58:42.000Z,91427611342,91605405392,183033016734,1,0,0
1741409925000,Stateless UDP,2025-03-08T04:58:45.000Z,92367542222,92560151952,184927694174,1,0,0
1741409928000,Stateless UDP,2025-03-08T04:58:48.000Z,93307478990,93515025104,186822504094,1,0,0
1741409931000,Stateless UDP,2025-03-08T04:58:51.000Z,94247412814,94469728976,188717141790,1,0,0
1741409934000,Stateless UDP,2025-03-08T04:58:54.000Z,95187337806,95424825872,190612163678,1,0,0
1741409937000,Stateless UDP,2025-03-08T04:58:57.000Z,95780334481,95463268631,191243603112,2,0,0
1741409940000,Stateless UDP,2025-03-08T04:59:00.000Z,95780334481,95463268631,191243603112,2,0,0
1741409943000,Stateless UDP,2025-03-08T04:59:03.000Z,95780334481,95463268631,191243603112,2,0,0
